30,50
29,50
34,74
34,73
31,44
31,43
31,41
31,40
46,22
30,49
46,15
46,13
29,49
30,48
30,43
30,47
30,42
29,48
29,47
29,43
29,42
34,72
34,56
34,55
34,54
34,53
46,21
46,20
46,19
46,18
34,71
34,70
30,46
46,17
29,46
31,14
31,12
34,69
46,16
30,45
29,45
34,68
31,42
34,67
46,6
46,5
46,14
34,66
46,12
34,65
30,44
29,44
31,35
31,34
31,39
30,37
30,36
29,37
29,36
34,64
34,47
34,44
30,41
29,41
31,38
34,52
30,40
29,40
31,37
34,51
34,50
30,39
29,39
34,49
31,36
31,29
31,28
30,38
29,38
34,48
30,32
30,31
29,32
29,31
31,33
34,40
34,39
30,35
34,46
29,35
34,45
31,32
46,11
34,43
30,34
29,34
31,31
34,42
46,10
30,33
29,33
31,30
31,24
31,23
34,41
46,9
46,8
46,7
30,26
30,25
29,26
29,25
34,31
34,30
30,30
29,30
31,27
34,38
4294967278,244
34,37
30,29
29,29
4294967278,235
4294967278,233
34,36
31,26
4294967278,219
34,35
4294967278,446
30,28
29,28
31,25
34,34
4294967278,441
4294967278,440
4294967278,439
4294967278,437
4294967278,436
34,33
4294967278,435
4294967278,434
31,18
31,17
30,27
29,27
4294967278,433
4294967278,432
4294967278,431
4294967278,430
31,22
4294967278,429
34,32
30,20
30,19
29,20
29,19
34,23
34,22
4294967278,428
4294967278,427
4294967278,426
4294967278,425
4294967278,424
4294967278,423
4294967278,422
30,24
29,24
4294967278,421
4294967278,420
4294967278,419
4294967278,418
34,29
31,21
4294967278,417
4294967278,416
4294967278,415
4294967278,414
4294967278,413
4294967278,412
34,28
4294967278,411
4294967278,410
4294967278,409
4294967278,408
4294967278,407
4294967278,406
30,23
29,23
4294967278,403
4294967278,401
4294967278,400
31,20
4294967278,398
34,27
4294967278,396
4294967279,248
4294967278,395
4294967278,394
4294967278,393
4294967278,392
4294967278,391
34,26
4294967278,390
4294967279,240
4294967278,389
29,22
30,22
4294967278,386
4294967278,384
31,19
4294967278,381
4294967278,379
4294967278,376
4294967279,573
34,25
4294967278,373
4294967278,370
4294967279,572
4294967278,364
29,21
30,21
4294967278,363
30,15
29,18
29,17
29,15
29,13
30,18
30,17
30,13
34,24
34,17
34,15
4294967278,355
34,21
34,20
31,16
4294967279,563
4294967278,354
4294967278,353
4294967278,350
4294967279,560
4294967279,555
4294967278,348
4294967279,554
4294967278,347
4294967278,346
34,19
30,16
29,16
4294967279,550
4294967278,343
4294967278,340
4294967278,339
31,15
4294967278,338
4294967278,337
4294967278,336
34,18
31,13
31,6
31,5
4294967279,546
4294967279,541
4294967279,538
4294967278,331
4294967278,330
4294967278,328
4294967278,327
4294967279,532
4294967279,531
4294967278,325
4294967278,323
4294967278,322
4294967278,321
4294967279,530
4294967278,320
4294967278,319
29,14
29,12
29,6
29,5
30,14
30,12
30,6
30,5
34,16
34,14
34,6
34,5
30,11
29,11
4294967278,317
4294967279,529
4294967279,524
4294967279,523
34,13
31,11
4294967279,522
4294967279,521
4294967278,316
4294967279,520
4294967279,517
4294967278,315
4294967279,513
4294967278,313
4294967278,312
4294967278,311
4294967279,512
4294967279,158
4294967279,138
4294967279,134
4294967279,133
4294967278,310
29,10
30,10
4294967279,319
4294967279,318
4294967278,309
34,12
4294967278,308
4294967279,317
4294967278,307
4294967278,306
4294967279,313
31,10
4294967279,312
4294967278,304
4294967279,310
4294967278,303
34,11
4294967279,306
4294967278,302
4294967279,305
4294967278,301
4294967278,300
4294967278,299
4294967278,297
4294967278,296
4294967279,304
4294967278,295
34,10
4294967278,294
4294967278,293
29,9
30,9
4294967278,292
4294967279,303
4294967278,291
4294967278,290
4294967278,289
4294967279,301
31,9
31,8
31,7
4294967279,300
34,9
4294967278,287
4294967278,284
4294967279,297
4294967279,296
30,8
30,7
29,8
29,7
4294967279,295
4294967278,283
4294967278,281
4294967279,294
4294967279,288
4294967278,280
4294967278,279
4294967278,278
4294967279,287
4294967279,286
4294967279,285
4294967278,273
34,8
34,7
4294967279,283
4294967279,281
4294967279,279
4294967278,270
4294967278,265
4294967279,278
4294967278,258
4294967279,270
4294967279,259
4294967278,178
4294967279,383
4294967278,137
4294967278,575
4294967278,574
4294967278,573
4294967278,572
4294967279,382
4294967279,381
4294967279,380
4294967278,571
4294967278,570
4294967279,379
4294967294,1478
4294967278,554
4294967293,131
4294967293,130
4294967293,129
4294967293,128
4294967293,127
4294967293,126
